39
413
180
499
343
464
67
40
11
103
88
173
398
79
319
119
133
85
271
248
240
281
215
379
313
101
392
358
264
153
28
109
475
182
307
290
55
99
204
57
402
244
183
388
123
14
309
308
361
203
292
315
76
367
9
283
474
197
416
418
452
80
451
380
353
465
262
299
253
335
114
287
6
107
300
146
362
356
172
126
207
104
131
12
231
199
305
198
282
408
483
280
127
38
33
441
442
269
254
257
433
179
404
72
302
219
336
328
201
152
487
213
322
61
420
329
384
324
226
374
4
175
135
229
246
102
373
263
74
480
45
400
297
125
289
160
47
368
326
171
460
355
286
245
462
436
450
410
421
77
243
1
330
113
489
382
82
168
294
275
255
195
310
225
162
242
312
427
423
118
273
97
167
293
467
478
3
352
331
163
66
2
348
211
49
481
340
285
320
260
333
232
473
186
221
93
401
71
360
323
